      0/99     10.6G    0.1218    0.1627   0.03424    0.3188        93       416         0         0         0         0    0.1122    0.1501   0.03399
      1/99     10.4G    0.1163    0.1387   0.03284    0.2878        54       416         0         0         0         0    0.1076    0.1538   0.03184
      2/99     10.4G    0.1108    0.1561   0.03171    0.2986        58       416         0         0 0.0001226 2.786e-05    0.1019    0.1544   0.02941
      3/99     10.4G    0.1073    0.1844   0.02873    0.3204        88       416         0         0  0.002383 0.0004251   0.09707    0.1511   0.02697
      4/99     10.4G    0.1041    0.1538   0.02638    0.2843        54       416         0         0  0.008383  0.001672    0.0923    0.1504   0.02471
      5/99     10.4G    0.0994    0.1746    0.0249    0.2989        74       416   0.08372   0.01408   0.02039  0.004612   0.08846    0.1453   0.02265
      6/99     10.4G   0.09622    0.1625   0.02317    0.2819        53       416   0.06016    0.1444   0.05304   0.01101   0.08465    0.1381   0.02079
      7/99     10.4G   0.09293    0.1577   0.02228    0.2729        94       416   0.05659    0.2324   0.08332   0.01616   0.08167    0.1265    0.0192
      8/99     10.4G   0.08658    0.1373      0.02    0.2439        62       416   0.08918    0.3317    0.1062   0.02673   0.07778    0.1096   0.01799
      9/99     10.4G   0.08617    0.1241   0.02036    0.2306       191       416   0.02811    0.6514   0.08041    0.0131   0.07842    0.1227   0.01759
     10/99     10.4G   0.07737    0.1138   0.01966    0.2109        47       416   0.02671    0.7155    0.2158   0.05669   0.06924    0.1807   0.01759
     11/99     10.4G   0.07315    0.1015   0.01857    0.1933        28       416   0.04049     0.719    0.2408   0.06605   0.06845    0.1256   0.01738
     12/99     10.4G   0.07337    0.1014   0.01663    0.1914        86       416   0.04544    0.7796    0.2747    0.0915   0.06432    0.1099   0.01757
     13/99     10.4G   0.06535   0.09139   0.01927     0.176        38       416   0.04518    0.8651    0.3045    0.1108   0.06014    0.1177   0.01748
     14/99     10.4G   0.06594   0.07799   0.01744    0.1614        95       416   0.05769    0.8651     0.265   0.09285   0.06497   0.08244   0.01699
     15/99     10.4G   0.06601   0.07984   0.01861    0.1645        50       416   0.08274    0.8722    0.3527    0.1522   0.05471   0.07833   0.01693
     16/99     10.4G   0.06776   0.08309   0.01805    0.1689        43       416   0.08137    0.8896    0.3343    0.1268   0.05486   0.07369   0.01697
     17/99     10.4G   0.06078   0.06936   0.01747    0.1476        44       416    0.1277    0.7472    0.3775    0.1667   0.04836   0.06874   0.01702
     18/99     10.4G   0.06235   0.08352   0.01733    0.1632        67       416    0.1101    0.8292    0.3905     0.184   0.05283   0.06679   0.01686
     19/99     10.4G   0.06045   0.08159   0.01937    0.1614        36       416    0.1149    0.8042    0.3378    0.1123   0.05625   0.06889   0.01702
     20/99     10.4G    0.0608   0.06874   0.01694    0.1465        43       416     0.158    0.7687     0.406    0.1553   0.04731   0.06428   0.01711
     21/99     10.4G   0.05972   0.07418   0.01894    0.1528        88       416    0.1415    0.7687    0.3653    0.1194     0.054   0.06334   0.01712
     22/99     10.4G   0.05846    0.0792   0.01612    0.1538       128       416    0.1567    0.7437    0.4461    0.1791   0.04472   0.06184     0.017
     23/99     10.4G   0.05874   0.07383   0.01819    0.1508        72       416    0.1544    0.7507     0.474    0.2262   0.04599   0.06053   0.01683
     24/99     10.4G   0.07964   0.06878   0.01617    0.1646        44       416    0.1772    0.6687    0.3392    0.1042   0.06655    0.0677   0.01679
     25/99     10.4G   0.07566   0.07047   0.01625    0.1624        46       416    0.2721    0.5872    0.3103    0.1223   0.06112    0.0633    0.0168
     26/99     10.4G   0.07078   0.08145   0.01729    0.1695        73       416    0.1464    0.6687    0.2968    0.1106   0.06157   0.06947   0.01683
     27/99     10.4G   0.07502   0.07042   0.01985    0.1653        53       416    0.1956    0.6722    0.3584    0.1173   0.07158   0.05895    0.0168
     28/99     10.4G   0.06962   0.06993   0.01857    0.1581        81       416    0.1455    0.7222    0.3137    0.1277   0.05418    0.0613    0.0168
     29/99     10.4G   0.06602    0.0684   0.01674    0.1512        42       416    0.1402    0.7292    0.4024    0.1645   0.05582    0.0601   0.01666
     30/99     10.4G   0.07012   0.07604   0.01711    0.1633        50       416     0.175    0.7327    0.4529    0.1834   0.04959   0.06207   0.01662
     31/99     10.4G   0.06432   0.06932   0.01758    0.1512        68       416    0.1284    0.6863    0.3262    0.1102   0.06384   0.06045    0.0166
     32/99     10.4G   0.06131   0.06631   0.01584    0.1435        58       416    0.1624    0.6937    0.3202    0.1014   0.05863   0.06221   0.01653
     33/99     10.4G   0.06452   0.07491   0.01673    0.1562        61       416    0.1359    0.7042    0.3481    0.1276   0.05425   0.05989   0.01648
     34/99     10.4G   0.06311   0.07694   0.01702    0.1571       189       416    0.1378    0.8113    0.4267    0.1835   0.04781   0.05896   0.01637
     35/99     10.4G   0.06172   0.06905   0.01687    0.1476        69       416    0.1287    0.7327    0.4337    0.1602   0.05666     0.058   0.01636
     36/99     10.4G   0.05738   0.06422   0.01514    0.1367        48       416    0.2286    0.7222    0.4853    0.2069    0.0485   0.05868    0.0163
     37/99     10.4G    0.0612   0.07274   0.01805     0.152       113       416    0.1149    0.7577    0.3895    0.1586   0.05762   0.06068   0.01633
     38/99     10.4G   0.05762   0.06953   0.01489     0.142        91       416     0.187    0.7292     0.433    0.1838   0.04594   0.05824   0.01648
     39/99     10.4G   0.05562   0.07046   0.01581    0.1419        90       416    0.1434    0.7292    0.3908    0.1952   0.05088   0.05706    0.0164
     40/99     10.4G   0.05864   0.05983   0.01553     0.134        62       416    0.2657    0.7222    0.5078    0.2587   0.04063   0.05601   0.01636
     41/99     10.4G   0.05168   0.06902   0.01664    0.1373       124       416    0.1586    0.7187    0.3922     0.166   0.04703   0.05634   0.01634
     42/99     10.4G   0.05287    0.0702   0.01698      0.14        56       416    0.2077    0.7507    0.4755    0.2107    0.0458   0.05816   0.01622
     43/99     10.4G   0.05368   0.06562   0.01621    0.1355        38       416    0.1648    0.7722    0.3873    0.1972   0.04797   0.05872   0.01613
     44/99     10.4G   0.05441   0.06776   0.01696    0.1391       128       416    0.2623    0.7292    0.5148     0.266   0.03932   0.05846   0.01607
     45/99     10.4G   0.04938   0.06561   0.01409    0.1291        62       416    0.2094    0.7292    0.4711    0.2383   0.04332   0.05857   0.01602
     46/99     10.4G   0.04919   0.06371   0.01669    0.1296        67       416    0.2552    0.7151    0.4874    0.2626   0.03988    0.0577    0.0159
     47/99     10.4G   0.04851    0.0722   0.01473    0.1354        68       416    0.2528    0.7116    0.4952    0.2649   0.03919   0.05711    0.0157
     48/99     10.4G   0.04836    0.0606   0.01418    0.1231        83       416    0.2638    0.7687    0.5092    0.2674   0.03771    0.0578   0.01549
     49/99     10.4G   0.04796   0.06655    0.0133    0.1278       175       416    0.1975    0.7651    0.4579    0.1995   0.04917   0.06008   0.01535
     50/99     10.4G    0.0494   0.05988   0.01439    0.1237        72       416    0.2578    0.6937    0.5046    0.2538   0.04017    0.0581   0.01522
     51/99     10.4G   0.04696   0.05832   0.01283    0.1181        27       416    0.2288    0.7401    0.4652    0.2344   0.04465   0.05875   0.01513
     52/99     10.4G   0.04712    0.0611   0.01185    0.1201        48       416    0.2966    0.7507    0.5337    0.2757    0.0366   0.05661   0.01493
     53/99     10.4G   0.04495   0.06487   0.01357    0.1234        95       416    0.2031    0.8292    0.4567    0.1964   0.04463   0.05772   0.01467
     54/99     10.4G   0.04789   0.05961    0.0117    0.1192        84       416    0.3391    0.7937    0.5504    0.2978   0.03581   0.05561    0.0145
     55/99     10.4G   0.04518   0.06592   0.01242    0.1235        58       416    0.2297    0.8292    0.4988    0.2319   0.04208   0.05704   0.01419
     56/99     10.4G   0.04703   0.06255   0.01096    0.1205        63       416    0.3122    0.8292    0.5747    0.3112   0.03475   0.05529   0.01365
     57/99     10.4G   0.04431   0.06507  0.009501    0.1189        64       416    0.2508    0.8292    0.5476    0.2741   0.03985   0.05846   0.01316
     58/99     10.4G   0.04278   0.05711   0.01028    0.1102        47       416    0.3568    0.8222    0.6055    0.3268    0.0377   0.05761   0.01279
     59/99     10.4G   0.04158   0.06215  0.009231     0.113        90       416     0.348    0.8222    0.6194    0.3413   0.03443   0.05549   0.01284
     60/99     10.4G   0.04254   0.06296  0.009903    0.1154        87       416    0.3706    0.8222    0.6211    0.3422    0.0354   0.05609   0.01291
     61/99     10.4G   0.04573   0.05862   0.01025    0.1146        80       416    0.3125    0.8222    0.6004    0.3071    0.0387   0.05657    0.0128
     62/99     10.4G   0.04401   0.06465  0.009289     0.118       138       416    0.3514    0.8257    0.6571    0.3456    0.0344   0.05475   0.01239
     63/99     10.4G   0.04244   0.06475  0.009339    0.1165        80       416    0.3368    0.8292    0.6436    0.3431   0.03647   0.05508   0.01224
     64/99     10.4G   0.04252   0.06039  0.008902    0.1118        88       416    0.3697    0.8257    0.6693    0.3788   0.03323   0.05437   0.01178
     65/99     10.4G   0.04012    0.0558  0.008148    0.1041       159       416    0.2922    0.8257    0.5889    0.3063   0.03831   0.05539   0.01166
     66/99     10.4G     0.038   0.05456   0.00756    0.1001        59       416    0.3493    0.8257    0.6685      0.36   0.03567   0.05462     0.011
     67/99     10.4G   0.04145   0.05922  0.007157    0.1078        66       416    0.3118    0.8257    0.6556    0.3324   0.03914   0.05462   0.01023
     68/99     10.4G   0.03541   0.05503  0.006897   0.09733        42       416    0.3864    0.8547    0.6853    0.3842   0.03341   0.05442  0.009975
     69/99     10.4G   0.03908   0.05719  0.006802    0.1031        72       416    0.4008    0.8613    0.6747    0.3816   0.03416   0.05382  0.009537
     70/99     10.4G   0.03957   0.05684  0.005641    0.1021        73       416    0.4294    0.8542    0.6777    0.4006   0.03158   0.05278  0.009331
     71/99     10.4G    0.0363   0.05876  0.005691    0.1008        93       416    0.3899    0.8292    0.6527    0.3943   0.03021   0.05148  0.009776
     72/99     10.4G   0.04426   0.06184  0.005728    0.1118        75       416    0.3717    0.8687    0.6652     0.335   0.03633   0.05477  0.008626
     73/99     10.4G   0.04106   0.06519  0.005595    0.1119        77       416     0.321    0.8757     0.621    0.3059   0.03729   0.05471  0.008364
     74/99     10.4G    0.0409   0.06445  0.005748    0.1111        63       416     0.374    0.8792     0.667    0.3657    0.0387   0.05581  0.008482
     75/99     10.4G   0.04569   0.06367  0.005493    0.1149        72       416    0.4205    0.8523    0.6984    0.4045    0.0326   0.05336  0.008723
     76/99     10.4G   0.03835   0.05788  0.005092    0.1013        73       416    0.3545    0.8663    0.6628     0.346   0.03794   0.05471  0.008496
     77/99     10.4G   0.04122    0.0527  0.004832   0.09875        49       416    0.3441    0.8792    0.6772     0.356    0.0396   0.05531  0.008163
     78/99     10.4G   0.04159    0.0649  0.005605    0.1121       191       416    0.4159    0.8803    0.7081    0.3832   0.03401   0.05327  0.008172
     79/99     10.4G   0.04277   0.06167  0.005334    0.1098        51       416    0.3797    0.9077    0.6851    0.3629   0.03455   0.05316  0.007976
     80/99     10.4G   0.04229   0.06249  0.004802    0.1096        84       416    0.3622    0.9077    0.6756    0.3484   0.03742   0.05362  0.008186
     81/99     10.4G   0.03857   0.05948  0.004763    0.1028       179       416    0.4034    0.9148    0.7183    0.4472   0.03067   0.05078  0.008182
     82/99     10.4G   0.03667   0.06166  0.004936    0.1033        67       416    0.3267    0.9148     0.681    0.3921    0.0358   0.05382  0.008321
     83/99     10.4G   0.03504   0.05719  0.005022   0.09726        62       416    0.3785    0.9113    0.7024    0.3948   0.03383   0.05298  0.007969
     84/99     10.4G   0.03642   0.05637  0.005111    0.0979       116       416     0.413    0.9042    0.7084     0.396   0.03198   0.05221  0.007708
     85/99     10.4G   0.03673   0.05281  0.005033   0.09457        47       416    0.4346    0.9107    0.7206    0.3748   0.03415   0.05308  0.007183
     86/99     10.4G   0.03585   0.05781   0.00415   0.09782       147       416    0.4533    0.9077    0.6995    0.3955   0.03169   0.05251  0.007592
     87/99     10.4G    0.0338   0.05606  0.003899   0.09376        58       416    0.4121    0.8577    0.6647    0.3874    0.0325   0.05217   0.00876
     88/99     10.4G   0.03417   0.05404  0.004432   0.09264        44       416    0.4063    0.8577    0.6589    0.3881   0.03257   0.05252  0.008447
     89/99     10.4G   0.03275   0.05374  0.003731   0.09023        66       416    0.4243    0.8577    0.6591    0.3901   0.03185   0.05277  0.008912
     90/99     10.4G   0.03382   0.05954  0.004531    0.0979        91       416    0.4289    0.9056    0.6868    0.4069   0.03045   0.05181  0.008468
     91/99     10.4G   0.03496    0.0548  0.004394   0.09415        58       416    0.4234    0.9007    0.6984    0.4233   0.03175   0.05287  0.008106
     92/99     10.4G   0.03243   0.04956  0.003168   0.08515        79       416    0.4349    0.9007    0.7143    0.4369   0.03143   0.05169  0.007597
     93/99     10.4G   0.03118   0.05216  0.004019   0.08736        61       416    0.4517    0.8757    0.7086    0.4395   0.02962   0.05199  0.007695
     94/99     10.4G   0.02961   0.04947  0.002969   0.08205        54       416    0.4588    0.8507    0.6884    0.4153   0.03176   0.05453  0.008228
     95/99     10.4G   0.03283   0.05118  0.003939   0.08795        30       416    0.4867    0.8542    0.6691    0.3999   0.03171   0.05395   0.00962
     96/99     10.4G   0.03146   0.05637   0.00402   0.09186        88       416    0.4737    0.8792    0.6767    0.3989   0.03056   0.05307  0.008915
     97/99     10.4G    0.0318   0.05507  0.004689   0.09156       109       416    0.4388    0.9007    0.7188    0.4181   0.03065   0.05259  0.008046
     98/99     10.4G   0.03278    0.0528  0.004059   0.08963        45       416    0.4324    0.9007    0.7396    0.4346    0.0309   0.05315  0.007954
     99/99     10.4G   0.03093   0.04984  0.003012   0.08378        45       416    0.4669    0.9042    0.7189     0.433   0.03064   0.05274  0.008256
